"degree" "normalised.degree" "species.strength" "interaction.push.pull" "nestedrank" "PDI" "resource.range" "species.specificity.index" "PSI" "node.specialisation.index.NSI" "betweenness" "weighted.betweenness" "closeness" "weighted.closeness" "Fisher.alpha" "partner.diversity" "effective.partners" "proportional.generality" "proportional.similarity" "d"
"BE-S001" 33 0.6 3.7730396221455 0.0840315037013788 0 0.906695156695157 0.407407407407407 0.235907761244515 0.197402870900799 1 0 0.357954545454545 0.0526315789473684 0.0373645397343706 12.7457106512114 3.00100526916549 20.1057384464119 0.685917739569436 0.496749390838389 0.270923462610908
"BE-S003" 29 0.527272727272727 2.65866036222461 0.0571951849042969 0.166666666666667 0.943672839506173 0.481481481481481 0.279936932706753 0.273826517227046 1 0 0 0.0526315789473684 0.0216945608962819 14.0112077534025 2.84271745466851 17.1623401075909 0.585502172113526 0.503460262131522 0.324737934525829
"BE-S004" 24 0.436363636363636 1.75511030073225 0.0314629291971771 0.388888888888889 0.960547504025765 0.574074074074074 0.339239513684913 0.100814013141458 1 0 0 0.0526315789473684 0.0179789873236954 12.6062588278488 2.62258240733509 13.7712406584541 0.469813048085248 0.391263030018026 0.298364048323054
"BE-S005" 29 0.527272727272727 3.88583374695204 0.0995115085155877 0.222222222222222 0.824074074074074 0.481481481481481 0.165578317093948 0.147112639360283 1 0 0 0.0526315789473684 0.0135149186747844 20.8243476944274 3.22681382020062 25.1992396186897 0.859685185112158 0.42995233989826 0.298931483720684
"BE-S006" 18 0.327272727272727 2.98820139400365 0.110455633000203 0.777777777777778 0.953703703703704 0.685185185185185 0.410494100685779 0.509088788520597 1 0 0.0113636363636364 0.0526315789473684 0.104083675068772 3.67277741013328 2.04802032794782 7.75253842113906 0.264481886299575 0.367139642125366 0.544394468722836
"BE-S019" 21 0.381818181818182 3.1787325793879 0.103749170447043 0.555555555555556 0.96940813362382 0.62962962962963 0.428080729229079 0.459778936111743 1 0 0.167613636363636 0.0526315789473684 0.14265434727008 4.34584931494387 2.06881358818601 7.91542658925712 0.270038900998435 0.419747634919441 0.480171044456113
"BE-S020" 31 0.563636363636364 3.39265409987769 0.0771823903186352 0.0555555555555556 0.865740740740741 0.444444444444444 0.194170348204553 0.126883357128932 1 0 0 0.0526315789473684 0.023219936020989 15.5036193849591 3.14205712805656 23.1514433901834 0.789823550141642 0.41392766128247 0.300054337535377
"BE-S021" 22 0.4 3.61667672738522 0.118939851244783 0.5 0.911353976927747 0.611111111111111 0.276794791386972 0.307289220152637 1 0 0.113636363636364 0.0526315789473684 0.0946677779715603 5.19733940469503 2.63081158806474 13.8850342585857 0.473695176025378 0.43281096696283 0.386113113832622
"BE-S023" 20 0.363636363636364 3.36948336617947 0.118474168308973 0.666666666666667 0.947192353643967 0.648148148148148 0.332061453901101 0.373109488083084 1 0 0.130681818181818 0.0526315789473684 0.138698452677318 3.98776368148009 2.39390641137829 10.956209918724 0.37377680813512 0.516026326475232 0.373563888013954
"BE-S024" 23 0.418181818181818 2.93748303017289 0.0842383926162127 0.444444444444444 0.993676603432701 0.592592592592593 0.74536714626597 0.775997401377202 1 0 0.105113636363636 0.0526315789473684 0.0480934628555673 4.99285393202059 1.19575949839642 3.30606777038062 0.112788224017086 0.274914201977451 0.723867632970148
"BE-S025" 17 0.309090909090909 1.37530102671443 0.0220765309832017 0.944444444444444 0.943957115009747 0.703703703703704 0.329504641992304 0.169587051202084 1 0 0 0.0526315789473684 0.0480583001104314 4.89346710073513 2.35267389226925 10.5136445263235 0.358678459254471 0.396788733519899 0.33654081523642
"BE-S031" 12 0.218181818181818 1.67641636146777 0.0563680301223144 1 0.952648851383029 0.796296296296296 0.362073290384736 0.212701380572593 1 0 0 0.0526315789473684 0.0873019842297995 2.54629936169711 2.16099885268789 8.67980317468731 0.296116006350994 0.402991231644734 0.37200639900912
"BE-S032" 24 0.436363636363636 2.30225022413858 0.054260426005774 0.333333333333333 0.926697530864197 0.574074074074074 0.293848527448219 0.189641926774333 1 0 0 0.0526315789473684 0.0680455733584436 6.65962983578503 2.60211004577789 13.4921771319437 0.46029265052261 0.472160037304365 0.288329109752933
"BE-S033" 21 0.381818181818182 3.17733145369797 0.103682450176094 0.611111111111111 0.967456427015251 0.62962962962963 0.408326505359894 0.386479508301401 1 0 0.0284090909090909 0.0526315789473684 0.112120747045382 4.80563747683432 2.16324431681832 8.69931526002063 0.296781671305395 0.356768398777334 0.470218938699207
"GH-S113" 20 0.363636363636364 1.84109119341844 0.0420545596709218 0.722222222222222 0.928240740740741 0.648148148148148 0.255315802885864 0.182938981183078 1 0 0 0.0526315789473684 0.0093694094744961 16.4708822546021 2.77020756668936 15.9619468344263 0.544550130351026 0.336046350389167 0.397370927648916
"GH-S119" 25 0.454545454545455 4.84416447849723 0.153766579139889 0.277777777777778 0.848148148148148 0.555555555555556 0.195652173913043 0.206708070539536 1 0 0 0.0526315789473684 0.00823901019394905 22.3878679405938 3.04298972420832 20.9678376702978 0.715328703633674 0.373644179556119 0.376782170610206
"GH-S122" 18 0.327272727272727 2.18093382397351 0.0656074346651951 0.888888888888889 0.892592592592593 0.685185185185185 0.235566291384838 0.203670513043482 1 0 0 0.0526315789473684 0.0079838993089751 15.5051540841869 2.7542291620602 15.7089271974742 0.535918233646138 0.471127646920513 0.320821279816622
"GH-S123" 18 0.327272727272727 1.63208032827327 0.0351155737929593 0.833333333333333 0.95959595959596 0.685185185185185 0.337166172631156 0.288123319541845 1 0 0 0.0526315789473684 0.00614051018708359 14.88220696978 2.52446496067166 12.4842139309419 0.425905460902935 0.358368882469517 0.43991895040413
"GH-S130" 30 0.545454545454545 4.41455588075758 0.113818529358586 0.111111111111111 0.837448559670782 0.462962962962963 0.183923522021687 0.215780066446223 1 0 0.0852272727272727 0.0526315789473684 0.015496079935609 16.0499372318938 3.16762000715379 23.7508900876658 0.810273986459882 0.402445867088472 0.38060432660235
