"degree" "normalised.degree" "species.strength" "interaction.push.pull" "nestedrank" "PDI" "resource.range" "species.specificity.index" "PSI" "node.specialisation.index.NSI" "betweenness" "weighted.betweenness" "closeness" "weighted.closeness" "Fisher.alpha" "partner.diversity" "effective.partners" "proportional.generality" "proportional.similarity" "d"
"MO-AS001" 42 0.531645569620253 0.898444689882176 -0.0024179835742339 0.539906103286385 0.819887429643527 0.474358974358974 0.147775954328892 0.0307886500394726 1 0.00471698113207547 9.4665593789937e-05 0.00467299971479344 0.0151124447269241 10.1960020392261 3.51126496494791 33.4906054424413 0.50126588749727 0.577698077240548 0.135062676132387
"MO-AS015" 19 0.240506329113924 0.0833516090800386 -0.0482446521536822 0.976525821596244 0.977564102564103 0.769230769230769 0.394504928471982 0.0138816986888123 1 0.00471698113207547 0 0.00467299971479344 0.00135711478784532 12.698073934223 2.37253805105812 10.7245772957976 0.1605185897714 0.264515978103214 0.257569281902108
"MO-AS020" 34 0.430379746835443 0.0913760760385898 -0.0267242330576885 0.779342723004695 0.876068376068376 0.576923076923077 0.169472574553056 0.00374883451696341 1 0.00471698113207547 0 0.00467299971479344 0.00191762259377309 29.4353712033453 3.35987459339063 28.7855807507996 0.430844097667113 0.545685561222103 0.0907189261823491
"MO-AS068" 50 0.632911392405063 0.292032400680903 -0.0141593519863819 0.342723004694836 0.885327635327635 0.371794871794872 0.158366807376589 0.00937823517785279 1 0.00471698113207547 0 0.00467299971479344 0.00456984994200833 23.0203963268713 3.57596668186251 35.7291428414073 0.534770878558631 0.586192258964019 0.0996486484999161
"MO-AS082" 24 0.30379746835443 0.0410304404653108 -0.0399570649806121 0.943661971830986 0.826923076923077 0.705128205128205 0.184790104015747 0.00189465046862439 1 0.00471698113207547 0 0.00467299971479344 0.000953924890932015 65.3493660534792 3.12827956082787 22.8346600850794 0.341774536531384 0.433561034950639 0.0571521783372476
"MO-BS038" 34 0.430379746835443 0.133425422192597 -0.0254874875825707 0.784037558685446 0.933048433048433 0.576923076923077 0.203562592186602 0.00695256599565397 1 0.00471698113207547 0 0.00467299971479344 0.0014374145463025 36.6816612691205 3.27614220905757 26.4734464282526 0.396237555089185 0.469584455688419 0.148371715028645
"MO-BS044" 36 0.455696202531646 0.132589094288319 -0.02409474738088 0.755868544600939 0.866666666666667 0.551282051282051 0.157794740165298 0.00518501403865828 1 0.00471698113207547 0 0.00467299971479344 0.0015509273584079 41.9542003761802 3.44251733064102 31.2655649518284 0.467962909497625 0.502606994724447 0.121813991973597
"MO-BS047" 25 0.316455696202532 0.0652743489025304 -0.0373890260438988 0.915492957746479 0.863247863247863 0.692307692307692 0.189631828145869 0.00330914723958945 1 0.00471698113207547 0 0.00467299971479344 0.000989399676278385 39.1218193854144 3.1293640643829 22.8594377884447 0.34214539329266 0.392488520229128 0.111942213596071
"MO-BS062" 31 0.392405063291139 1.67625410633847 0.0218146485915637 0.845070422535211 0.94468031968032 0.615384615384615 0.293403780291084 0.146745327084292 1 0.00471698113207547 0.0183020147993878 0.00467299971479344 0.0416074545718098 5.42658275675441 2.6245265175983 13.7980395102761 0.206520199604274 0.348947917292186 0.348116500949491
"MW-S001" 43 0.544303797468354 0.419089228805578 -0.0135095528184749 0.507042253521127 0.842490842490842 0.461538461538462 0.154966980808516 0.0157515338656466 1 0.00471698113207547 0 0.00467299971479344 0.00719645009425404 14.2038033338971 3.49741423380092 33.0299337550398 0.494370849346138 0.555117525930867 0.120949817120127
"MW-S002" 34 0.430379746835443 0.106951416088431 -0.0262661348209285 0.793427230046948 0.849358974358974 0.576923076923077 0.160404952894666 0.0040720699216008 1 0.00471698113207547 0 0.00467299971479344 0.00146619854739902 44.5791398670192 3.40510326007643 30.1174054889505 0.450777995562969 0.486914037593702 0.110607179578201
"MW-S003" 26 0.329113924050633 0.0789283645954895 -0.0354258321309427 0.910798122065728 0.907051282051282 0.67948717948718 0.205066388933939 0.00426998679265714 1 0.00471698113207547 0 0.00467299971479344 0.000973231476870994 56.6109311162812 3.11842728116106 22.610791247882 0.33842381145854 0.349997660599822 0.134790283565539
"MW-S004" 34 0.430379746835443 0.0847402620107502 -0.0269194040585073 0.802816901408451 0.837606837606838 0.576923076923077 0.146705821170094 0.00260767270652716 1 0.00471698113207547 0 0.00467299971479344 0.00115732693121384 93.5535019187844 3.46412551373836 31.9485090214185 0.47818477800766 0.4986939299983 0.0788549651637893
"MW-S008" 20 0.253164556962025 0.069145876630665 -0.0465427061684667 0.971830985915493 0.944444444444445 0.756410256410256 0.257499688822316 0.00568087485820429 1 0.00471698113207547 0 0.00467299971479344 0.000950826143485796 22.8205026667925 2.79382610183921 16.3434319631009 0.244618000167687 0.325457352734759 0.161289886629799
"MW-S009" 36 0.455696202531646 0.146786717060072 -0.0237003689705536 0.746478873239437 0.830769230769231 0.551282051282051 0.158596097172221 0.00459555367684643 1 0.00471698113207547 0 0.00467299971479344 0.00194074913919603 29.1931654878238 3.4255474198666 30.7394676417937 0.460088622618049 0.520553113280346 0.109762092272939
"MW-S010" 45 0.569620253164557 0.18840568687457 -0.0180354291805651 0.488262910798122 0.786324786324786 0.435897435897436 0.140107553713919 0.00596820115575984 1 0.00471698113207547 0 0.00467299971479344 0.00275514779140258 29.5334922352247 3.60483613451056 36.7756571024186 0.550434432349139 0.571885353501023 0.0967137782118993
"MW-S011" 45 0.569620253164557 0.215734757178218 -0.0174281165071507 0.483568075117371 0.941724941724942 0.435897435897436 0.215362255726104 0.0109338682233687 1 0.00471698113207547 0 0.00467299971479344 0.00323959885424513 25.7635794508828 3.34622367988051 28.395301174616 0.425002643457992 0.500434131311683 0.141458779841121
"MW-S012" 54 0.683544303797468 0.331677166795744 -0.0123763487630418 0.220657276995305 0.911010558069382 0.320512820512821 0.163376837821142 0.0111413382704179 1 0.00471698113207547 0 0.00467299971479344 0.00312534583450954 33.3582877165317 3.63693905334315 37.9754179119079 0.568391682121369 0.520398009950249 0.133660208876648
"MW-S013" 16 0.20253164556962 0.0637689484143514 -0.058514440724103 0.990610328638498 0.95970695970696 0.807692307692308 0.311080766081257 0.0074348602363128 1 0.00471698113207547 0 0.00467299971479344 0.000901663474822755 14.6632794453005 2.50884148507199 12.2906828697323 0.183959052852368 0.199550835165863 0.214712562593457
"MW-S014" 48 0.607594936708861 0.614520113631773 -0.00803083096600473 0.394366197183099 0.914694280078895 0.397435897435897 0.20874326510719 0.0332479245312664 1 0.00471698113207547 9.4665593789937e-05 0.00467299971479344 0.0101844218501278 14.2710879718942 3.2839363795786 26.6805911961619 0.39933796502668 0.493066323523292 0.180380395370336
"MW-S018" 37 0.468354430379747 0.0941345406145359 -0.0244828502536612 0.741784037558685 0.799145299145299 0.538461538461538 0.142828568570857 0.00306100718458535 1 0.00471698113207547 0 0.00467299971479344 0.0014254398921858 64.3750309832761 3.5201915829111 33.7909016030562 0.505760527694844 0.546702849389417 0.0819715344005237
"MW-S019" 42 0.531645569620253 0.409684226208632 -0.0140551374712231 0.544600938967136 0.93033381712627 0.474358974358974 0.221191025786495 0.0227305721482975 1 0.00471698113207547 0 0.00467299971479344 0.00984995523063889 12.5939370417652 3.15667323639484 23.4923124159498 0.351617854528874 0.521600964738448 0.153691950792173
"MW-S020" 25 0.316455696202532 0.134959636801547 -0.0346016145279381 0.92018779342723 0.928205128205128 0.692307692307692 0.209552658393038 0.0133574520193383 1 0.00471698113207547 0 0.00467299971479344 0.000849555023026958 47.0141218907035 3.08461765217405 21.8591074618665 0.327173090991215 0.386117999344968 0.165888210313193
"MW-S021" 36 0.455696202531646 0.174492159576433 -0.0229307733450991 0.751173708920188 0.861538461538462 0.551282051282051 0.160862479944425 0.00671031497881876 1 0.00471698113207547 0 0.00467299971479344 0.001507810757763 39.2046770717894 3.42687104554316 30.7801821298749 0.460698010944489 0.482690421226845 0.13918422381171
"MW-S022" 35 0.443037974683544 0.137746534694326 -0.0246358132944478 0.76056338028169 0.956552706552707 0.564102564102564 0.25093140356616 0.0120864183275987 1 0.00471698113207547 0 0.00467299971479344 0.00227246462517524 24.0577616800184 3.1622489033886 23.623663571759 0.353583834325915 0.509733385372649 0.160364560123048
"MW-S023" 51 0.645569620253165 0.400491844252518 -0.0117550618774016 0.309859154929577 0.847435897435897 0.358974358974359 0.131091290042482 0.0182222546749941 1 0.00471698113207547 0 0.00467299971479344 0.00286506685807824 31.1478480743204 3.72054421613256 41.2868569693562 0.617955176602761 0.568372687847487 0.136124163621167
"MW-S025" 38 0.481012658227848 0.195964672093683 -0.0211588244185873 0.676056338028169 0.907852564102564 0.525641025641026 0.209233013952152 0.011989858610232 1 0.00471698113207547 0 0.00467299971479344 0.00362663782999219 17.9640864527404 3.20458851852361 24.6453568219197 0.368875883156502 0.492793218811063 0.152005558762897
"MW-S027" 48 0.607594936708861 0.474065548576707 -0.0109569677379853 0.39906103286385 0.93960113960114 0.397435897435897 0.213082450733091 0.03150621544558 1 0.00471698113207547 0 0.00467299971479344 0.00599978075236273 17.4048149559526 3.34160186666254 28.2643662078758 0.423042892911821 0.498688479464527 0.181979713693699
"MW-S028" 37 0.468354430379747 0.109418424641405 -0.0240697723069891 0.727699530516432 0.884615384615385 0.538461538461538 0.179554072905094 0.00482369609741651 1 0.00471698113207547 0 0.00467299971479344 0.00201677614844402 31.7985438302929 3.36784484768399 29.0159258846243 0.434291755791292 0.530448295914071 0.106374203870295
"MW-S029" 42 0.531645569620253 0.14542308471761 -0.0203470694114855 0.572769953051643 0.878205128205128 0.474358974358974 0.156524665559593 0.00503022576161491 1 0.00471698113207547 0 0.00467299971479344 0.0023860584229959 33.4280141890894 3.52602256879805 33.9885114436059 0.508718224959278 0.579071169009409 0.0928652528818371
"MW-S030" 24 0.30379746835443 0.0908981627502669 -0.0378792432187389 0.934272300469484 0.96646942800789 0.705128205128205 0.32405754213972 0.0125382260052444 1 0.00471698113207547 0 0.00467299971479344 0.0014508400364338 19.6498424200028 2.69226605618344 14.7650965779971 0.220994489122413 0.377040131165688 0.216160499100711
"MW-S031" 51 0.645569620253165 0.290318873022119 -0.0139153162152526 0.305164319248826 0.864102564102564 0.358974358974359 0.138179484461017 0.00853380394177211 1 0.00471698113207547 0 0.00467299971479344 0.00453263763776707 24.2892819440434 3.67855089939831 39.5889840655514 0.592542504698517 0.622662549322354 0.0899048513024287
"MW-S032" 29 0.367088607594937 0.0908240530048461 -0.0313508947239708 0.873239436619718 0.94988344988345 0.641025641025641 0.24519224303628 0.00717018135664662 1 0.00471698113207547 0 0.00467299971479344 0.00162906757038719 25.5098248000454 3.04471833494669 21.0041142446601 0.314376101263344 0.461370437953042 0.153814370069801
"MW-S033" 47 0.594936708860759 0.242151065089278 -0.0161244454236324 0.427230046948357 0.865384615384615 0.41025641025641 0.154173656011913 0.00845068751230283 1 0.00471698113207547 0 0.00467299971479344 0.00342702697590865 25.1248371995205 3.56176646616286 35.2253666370271 0.527230679662476 0.548129259657824 0.110119697201908
"MW-S034" 23 0.291139240506329 0.0682877347081738 -0.0405092289257316 0.948356807511737 0.923076923076923 0.717948717948718 0.236227103387128 0.00549648751395335 1 0.00471698113207547 0 0.00467299971479344 0.00107058167967278 29.1803764034794 2.929344256536 18.7153540009344 0.280119406895384 0.399888377191517 0.143815567663378
"MW-S037" 18 0.227848101265823 0.0593467783784661 -0.0522585123123074 0.981220657276995 0.955128205128205 0.782051282051282 0.292953604205301 0.00567741570154748 1.00469483568075 0 0 0.00466203023189487 0.000816692051775314 23.6007217201393 2.6409469170796 14.0264792340363 0.209939338773528 0.240116034248819 0.179912306974532
"MW-S038" 41 0.518987341772152 0.154017286970405 -0.0206337247080389 0.591549295774648 0.863782051282051 0.487179487179487 0.152853508498644 0.00551109434417547 1 0.00471698113207547 0 0.00467299971479344 0.00250348594222547 28.0282010765341 3.51249537304161 33.5318379156234 0.50188302869225 0.576937840879534 0.0966418436244296
"MW-S039" 48 0.607594936708861 0.327262963915935 -0.014015354918418 0.403755868544601 0.858220211161388 0.397435897435897 0.148987952420976 0.0105109133928962 1 0.00471698113207547 0 0.00467299971479344 0.0054343621985701 19.7310902724811 3.59070891236436 36.2597718179035 0.542712992513311 0.586433418959184 0.102255440184588
"MW-S042" 46 0.582278481012658 0.179211134025299 -0.0178432362168413 0.464788732394366 0.855769230769231 0.423076923076923 0.152467013336692 0.00690482135859426 1 0.00471698113207547 0 0.00467299971479344 0.00259991715994424 33.8066769772576 3.57000227629188 35.5166739978529 0.531590781273951 0.57332873728727 0.106826472325784
"MW-S044" 34 0.430379746835443 0.0660277680727454 -0.0274697715272722 0.7981220657277 0.737179487179487 0.576923076923077 0.14350349148967 0.00213966751323865 1 0.00471698113207547 0 0.00467299971479344 0.00129982266904493 75.1157083826012 3.47104548197079 32.1703583989543 0.481505277104408 0.564950453680421 0.0544770485293017
"MW-S045" 40 0.506329113924051 0.192817592906254 -0.0201795601773436 0.610328638497653 0.91025641025641 0.5 0.177896964400139 0.00928213885306896 1 0.00471698113207547 0 0.00467299971479344 0.00228487956796436 28.3050131393374 3.4174734916424 30.4922786224221 0.456388856025659 0.477992092827399 0.153434035222172
"MW-S046" 25 0.316455696202532 0.0556418637634074 -0.0377743254494637 0.924882629107981 0.876068376068376 0.692307692307692 0.186159739788035 0.00255435415224855 1 0.00471698113207547 0 0.00467299971479344 0.000973001361127685 52.6363510208285 3.14613250681211 23.2459868100046 0.347931010954499 0.429490478641276 0.0812617173114174
"MW-S047" 28 0.354430379746835 0.175955926861551 -0.0294301454692303 0.896713615023474 0.95014245014245 0.653846153846154 0.250026487259702 0.0160893471173531 1 0.00471698113207547 0 0.00467299971479344 0.00115310535552768 33.1423555113446 3.01969043375406 20.4849492537036 0.306605572886466 0.408026482010013 0.221685767398534
"MW-S048" 39 0.493670886075949 0.136637165171668 -0.0221375085853418 0.657276995305164 0.869230769230769 0.512820512820513 0.148525369727338 0.00418315347772731 1 0.00471698113207547 0 0.00467299971479344 0.00149263273117724 56.9619612801141 3.53180239273474 34.1855278672743 0.511667040340695 0.527321687576448 0.102211258444272
"MW-S049" 53 0.670886075949367 0.326317632320621 -0.0127109880694223 0.253521126760563 0.87099358974359 0.333333333333333 0.138392208008386 0.00917064293272853 1 0.00471698113207547 0 0.00467299971479344 0.00452212348419244 25.6358187608112 3.69517544665439 40.2526341584825 0.602475593349079 0.590759078524809 0.095159759076323
"MW-S050" 39 0.493670886075949 0.259193867392084 -0.0189950290412286 0.63849765258216 0.885964912280702 0.512820512820513 0.178558037958646 0.0113261080937928 1 0.00471698113207547 0 0.00467299971479344 0.00553268512536512 14.9539776238121 3.35083274197189 28.5264789518713 0.426966028236115 0.526570359700198 0.124012649914123
"MW-S051" 46 0.582278481012658 0.211433033870177 -0.017142760133257 0.455399061032864 0.806267806267806 0.423076923076923 0.142723975686531 0.00647436795450512 1 0.00471698113207547 0 0.00467299971479344 0.00409229946607943 23.2364519510581 3.59316717208506 36.3490174039168 0.544048763165624 0.628114911336733 0.0791350564564644
"MW-S052" 38 0.481012658227848 0.144731953842154 -0.0225070538462591 0.699530516431925 0.928904428904429 0.525641025641026 0.198846189053042 0.00824122420338303 1 0.00471698113207547 0 0.00467299971479344 0.00196111523417158 32.587229646218 3.33486985747492 28.0747292698807 0.420204528935697 0.519578180154608 0.14158668364393
"MW-S053" 46 0.582278481012658 0.728333388264911 -0.00590579590728454 0.450704225352113 0.895424836601307 0.423076923076923 0.172594398835627 0.0339595399839189 1 0.00471698113207547 0 0.00467299971479344 0.0113377857641604 12.6545847470475 3.43658158538374 31.0805302257268 0.465193428475356 0.565187962037797 0.151360130739664
"MW-S054" 41 0.518987341772152 0.176561212720612 -0.0200838728604729 0.596244131455399 0.918803418803419 0.487179487179487 0.194071037234083 0.00830986584358495 1 0.00471698113207547 0 0.00467299971479344 0.0024510348412108 29.8646087284773 3.38143422809552 29.4129257208425 0.440233794539447 0.538939315959388 0.130327875829828
"MW-S055" 28 0.354430379746835 0.0617409602535835 -0.0335092514195149 0.901408450704225 0.9 0.653846153846154 0.206478819399898 0.0030883846655862 1 0.00471698113207547 0 0.00467299971479344 0.00136975796576883 33.1423555113446 3.13484807995417 22.9851436726961 0.344026878288242 0.476641089224723 0.0954213156675275
"MW-S056" 29 0.367088607594937 0.0716546167635632 -0.0320119097667737 0.887323943661972 0.902564102564103 0.641025641025641 0.192422065252592 0.00376579467089816 1 0.00471698113207547 0 0.00467299971479344 0.00130349804391477 39.0771357058859 3.20725416968766 24.7111403850832 0.369860489309072 0.493641183888823 0.102932520993483
"MW-S057" 56 0.708860759493671 0.309041298808417 -0.012338548235564 0.178403755868545 0.845167652859961 0.294871794871795 0.149550534718424 0.0108398742310168 1 0.00471698113207547 0 0.00467299971479344 0.00433615975543686 29.1362013417008 3.67247099423688 39.3490170246236 0.5889508320443 0.575498223431983 0.106045553795935
"MW-S058" 24 0.30379746835443 0.0721426715159512 -0.0386607220201687 0.938967136150235 0.948717948717949 0.705128205128205 0.246503545424513 0.00748498372649944 1 0.00471698113207547 0 0.00467299971479344 0.00108963935007176 33.6858540326776 2.95317403312509 19.1666930014912 0.286874759379681 0.406758861313673 0.145008091414528
"MW-S059" 50 0.632911392405063 0.259621056591519 -0.0148075788681696 0.347417840375587 0.832264957264957 0.371794871794872 0.155454173559952 0.00874350874016476 1 0.00471698113207547 0 0.00467299971479344 0.00444441204298488 23.974147082596 3.58472734447177 36.0435289115662 0.539476407479147 0.599925056138683 0.0911235652885707
"MW-S060" 40 0.506329113924051 0.102651777603398 -0.0224337055599151 0.624413145539906 0.915064102564103 0.5 0.16816729460953 0.00421547670070016 1 0.00471698113207547 0 0.00467299971479344 0.0017286579052617 50.5057640874152 3.49426078515018 32.9259396112806 0.492814331747328 0.607187097556055 0.0836200409571363
"MW-S061" 39 0.493670886075949 0.144395904223388 -0.0219385665583747 0.666666666666667 0.846153846153846 0.512820512820513 0.13653880878918 0.0041602037627681 1 0.00471698113207547 0 0.00467299971479344 0.00131826286772327 70.8832204450624 3.57801062135684 35.802245731051 0.535865035692303 0.524055332212821 0.103670593359675
"MW-S062" 30 0.379746835443038 0.103666666290941 -0.029877777790302 0.859154929577465 0.947731755424063 0.628205128205128 0.258260436501779 0.00797547987332371 1 0.00471698113207547 0 0.00467299971479344 0.00203047037835059 21.2287598320127 2.98058271508863 19.6992923757995 0.294846364984185 0.444259891763752 0.163427982081301
"MW-S063" 33 0.417721518987342 0.0744744190910507 -0.0280462297245136 0.816901408450704 0.855769230769231 0.58974358974359 0.17012034778656 0.00315665038483423 1 0.00471698113207547 0 0.00467299971479344 0.00153473140628615 44.3172610594535 3.35053370767284 28.5179498315467 0.426838369837212 0.547924283642246 0.0815827231485877
"MW-S064" 42 0.531645569620253 0.254366191443003 -0.0177531859180237 0.55868544600939 0.943755169561621 0.474358974358974 0.232303353024072 0.0183489560548427 1 0.00471698113207547 0 0.00467299971479344 0.00475064243775898 18.0422671819412 3.21874996273663 24.9968536447183 0.374136862004299 0.525800081864998 0.159731275987372
"MW-S065" 34 0.430379746835443 0.128051909073596 -0.0256455320860707 0.774647887323944 0.947802197802198 0.576923076923077 0.235991616788654 0.00987406964060093 1 0.00471698113207547 0 0.00467299971479344 0.00202801983986417 25.6059855223495 3.14684288271997 23.2625060657349 0.348178260571967 0.477934513928657 0.162151238844833
"MW-S066" 52 0.658227848101266 0.407574596055738 -0.0113927962296973 0.272300469483568 0.952316689158794 0.346153846153846 0.239293399609526 0.0268689466083653 1 0.00471698113207547 0 0.00467299971479344 0.00710058285955193 19.195554649488 3.31929217046016 27.6407786729056 0.413709434916077 0.530802421218307 0.159032902864136
"MW-S067" 42 0.531645569620253 0.839943934022583 -0.00381085871374802 0.535211267605634 0.926609105180534 0.474358974358974 0.203333019667516 0.042528518385973 1 0.00471698113207547 0.00031555197929979 0.00467299971479344 0.0172393514552705 9.9900670335959 3.30484176946071 27.2442303784621 0.407774154555398 0.581003559367196 0.156942819564213
"MW-S068" 48 0.607594936708861 0.286248885998316 -0.0148698148750351 0.408450704225352 0.843406593406594 0.397435897435897 0.142664792629246 0.00957423432620491 1 0.00471698113207547 0 0.00467299971479344 0.00485872421091014 21.0358019202282 3.61000597430139 36.966273661823 0.553287458669781 0.615414244544456 0.0916217073289283
"MW-S069" 29 0.367088607594937 0.128554008211338 -0.0300498617858159 0.868544600938967 0.903846153846154 0.641025641025641 0.202277570819654 0.00742316434022174 1 0.00471698113207547 0 0.00467299971479344 0.00327752843205555 13.5167702840506 3.12146480497018 22.6795764801433 0.33945334466765 0.491305229339197 0.132012078199939
"MW-S071" 41 0.518987341772152 1.78577330353373 0.0191652025252129 0.586854460093897 0.94108326130798 0.487179487179487 0.235875485796037 0.108981589515603 1 0.00471698113207547 0.174279358167274 0.00467299971479344 0.0369903124054337 7.79289869607295 3.11669866899288 22.5717397211951 0.337839313270937 0.515639125068092 0.2337574157823
"MW-S073" 42 0.531645569620253 0.461420431416282 -0.0128233230615171 0.549295774647887 0.932510885341074 0.474358974358974 0.208449939638046 0.0253124863227518 1 0.00471698113207547 0 0.00467299971479344 0.00889880038259045 12.7326825907138 3.26834481904128 26.2678253370982 0.393159950567439 0.504870180201459 0.159074400162676
"MW-S074" 50 0.632911392405063 0.209381871421375 -0.0158123625715725 0.36150234741784 0.71025641025641 0.371794871794872 0.116861256011977 0.0053157766142703 1 0.00471698113207547 0 0.00467299971479344 0.00307424743561223 32.7498980805299 3.76040829402159 42.9659651446514 0.643086990094155 0.642460351132071 0.0695789956618805
"MW-S075" 42 0.531645569620253 0.251754711179379 -0.0178153640195386 0.553990610328638 0.975783475783476 0.474358974358974 0.374086038161178 0.0391965301592311 1 0.00471698113207547 0 0.00467299971479344 0.00541365235157355 17.1156719207228 2.73019839511329 15.3359292915406 0.229538346809866 0.438632905951485 0.235556481503318
"MW-S076" 21 0.265822784810127 0.0628410640943219 -0.0446266159955085 0.962441314553991 0.930769230769231 0.743589743589744 0.237518976974634 0.00544640620433482 1 0.00471698113207547 0 0.00467299971479344 0.000987689157449914 26.5618664592988 2.87830632850164 17.7841271887728 0.26618140164607 0.347120198381135 0.143949751164557
"MW-S077" 48 0.607594936708861 0.810015628334879 -0.00395800774302336 0.389671361502347 0.831600831600832 0.397435897435897 0.141464229678487 0.0264594476361556 1 0.00471698113207547 6.3110395859958e-05 0.00467299971479344 0.0124194045716249 12.8728604207211 3.60589597230324 36.8146539952062 0.551018112811603 0.617568188594838 0.11673506241963
"MW-S078" 52 0.658227848101266 0.387132220583669 -0.0117859188349294 0.286384976525822 0.87099358974359 0.346153846153846 0.156997622014398 0.0142730591508446 1 0.00471698113207547 0 0.00467299971479344 0.00432537332163569 24.8069309304467 3.58469885994526 36.0425022433335 0.539461040967971 0.531971009412848 0.132497379406431
"MW-S079" 42 0.531645569620253 0.162011854198242 -0.0199520987095657 0.563380281690141 0.891025641025641 0.474358974358974 0.171720382496948 0.00787512147202851 1 0.00471698113207547 0 0.00467299971479344 0.00271584805538615 28.8017242091267 3.45787987030055 31.749591855162 0.475207513531108 0.561503569432166 0.115975807653563
"MW-S080" 37 0.468354430379747 0.101970171418377 -0.024271076448152 0.737089201877934 0.899267399267399 0.538461538461538 0.177325337898803 0.00453258996234973 1 0.00471698113207547 0 0.00467299971479344 0.00184127884048615 38.6734411701172 3.39568610527529 29.8351164850551 0.446552874929914 0.533775656050821 0.103816355196236
"MW-S081" 39 0.493670886075949 0.147382647417534 -0.0218619833995504 0.647887323943662 0.860805860805861 0.512820512820513 0.173943484545767 0.00632200866109487 1 0.00471698113207547 0 0.00467299971479344 0.00233279520480799 28.6983894627936 3.39156532890115 29.7124256063764 0.44471651660267 0.502110251702548 0.125941561061355
"MW-S082" 37 0.468354430379747 0.0971657547412476 -0.0244009255475338 0.732394366197183 0.921652421652422 0.538461538461538 0.188797593337415 0.00413003161706274 1 0.00471698113207547 0 0.00467299971479344 0.00184990447158287 36.5829157546578 3.35836953814377 28.7422894475304 0.430196141224777 0.562990542974781 0.0929265179676829
"MW-S084" 51 0.645569620253165 0.299721917052074 -0.0137309428029005 0.323943661971831 0.930911680911681 0.358974358974359 0.19164862100068 0.0166794320296333 1 0.00471698113207547 0 0.00467299971479344 0.0028606129715136 35.094423044438 3.51392731579868 33.5798879823199 0.502602211251321 0.56247032521731 0.143118793639236
"MW-S085" 29 0.367088607594937 0.0756214379225351 -0.0318751228302574 0.877934272300469 0.862179487179487 0.641025641025641 0.175318937070513 0.00338329007536555 1 0.00471698113207547 0 0.00467299971479344 0.00139659598829989 32.2642789384604 3.25633191463407 25.9541602487708 0.388465212840241 0.474125238544156 0.102966817708149
"MW-S086" 49 0.620253164556962 0.182076780631689 -0.0166923105993533 0.380281690140845 0.824786324786325 0.384615384615385 0.123158721030213 0.00425935406847062 1 0.00471698113207547 0 0.00467299971479344 0.00231771489788475 45.5582365593721 3.74256762248244 42.2062207992543 0.631715624347393 0.638802461048987 0.0702090089309318
"MW-S087" 43 0.544303797468354 0.206097888016999 -0.0184628398135582 0.525821596244131 0.853479853479853 0.461538461538462 0.155709084938414 0.00697965302807452 1 0.00471698113207547 0 0.00467299971479344 0.00232486522895366 33.7093582621367 3.53022368524943 34.1316014967232 0.510859905037028 0.544666947394688 0.112649012682958
"MW-S091" 44 0.556962025316456 0.161615376790042 -0.0190541959820445 0.502347417840376 0.814102564102564 0.448717948717949 0.13495065773198 0.00477356784510122 1 0.00471698113207547 0 0.00467299971479344 0.00251236787119749 32.6484379153048 3.62592764916916 37.5595490884874 0.562167224483164 0.599778939260619 0.0825889370529566
"MW-S093" 37 0.468354430379747 0.65409036979554 -0.00934890892444486 0.71830985915493 0.898368298368298 0.538461538461538 0.175571543286567 0.0257819861329596 1 0.00471698113207547 0 0.00467299971479344 0.0128251028525127 9.279272075859 3.36734583493146 29.0014501796623 0.434075092730142 0.565649381755137 0.139603806220798
"MW-S094" 40 0.506329113924051 0.185141985464111 -0.0203714503633972 0.605633802816901 0.886946386946387 0.5 0.171406948168217 0.00666603086251971 1 0.00471698113207547 0 0.00467299971479344 0.00305684663611334 22.9856127764768 3.40076635135538 29.9870718772032 0.448827245712373 0.515153248040536 0.114139519187829
"MW-S095" 49 0.620253164556962 0.678393832136522 -0.0065633911808873 0.375586854460094 0.906593406593406 0.384615384615385 0.185957467327525 0.032343932150993 1 0.00471698113207547 0.00170398068821887 0.00467299971479344 0.01162661220683 13.8332690380301 3.39723797446477 29.8814526276094 0.447246404572447 0.554554812146166 0.148769494366442
"MW-S097" 30 0.379746835443038 0.0757492602208144 -0.0308083579926395 0.863849765258216 0.907692307692308 0.628205128205128 0.179910507877911 0.00344151466330508 1 0.00471698113207547 0 0.00467299971479344 0.00117018371239849 50.3944308380253 3.28061474743578 26.5921151107079 0.398013711764863 0.48228104070214 0.0982894796687369
"MW-S098" 44 0.556962025316456 0.2579721315372 -0.0168642697377909 0.497652582159624 0.841880341880342 0.448717948717949 0.145676044604149 0.00850102281064203 1 0.00471698113207547 0 0.00467299971479344 0.00302207563516107 25.0576150887204 3.56842589191243 35.4607301738228 0.530753450021441 0.569001777944135 0.114256387268454
"MW-S099" 52 0.658227848101266 0.454229008603776 -0.0104955959883889 0.276995305164319 0.964891518737673 0.346153846153846 0.312665553623608 0.0545023380129877 1 0.00471698113207547 0 0.00467299971479344 0.00574381277626066 20.2864239039081 3.0191743980716 20.4743810159637 0.306447394286825 0.466972579341768 0.242728505374426
"MW-S100" 55 0.69620253164557 0.371455497293714 -0.011428081867387 0.197183098591549 0.86500754147813 0.307692307692308 0.137174873539758 0.0116302467342505 1 0.00471698113207547 0 0.00467299971479344 0.00485758342663202 25.4026195716649 3.71523922925777 41.0684106747042 0.614685612666469 0.624612447327689 0.0971830539445914
"MW-S101" 58 0.734177215189873 0.326236889751283 -0.0116166053491158 0.131455399061033 0.830586080586081 0.269230769230769 0.133200468104658 0.00897275651565405 1 0.00471698113207547 0 0.00467299971479344 0.00524199776679643 27.5118886885103 3.74650166499856 42.3725889013478 0.634205715322023 0.64235308860778 0.074426001516571
"MW-S102" 50 0.632911392405063 0.339673814451112 -0.0132065237109778 0.352112676056338 0.885369532428356 0.371794871794872 0.159951450557391 0.0149032980408326 1 0.00471698113207547 0 0.00467299971479344 0.0039304081133268 23.974147082596 3.57416288489684 35.6647528126918 0.533807129935289 0.571594919985593 0.126985284480478
"MW-S103" 38 0.481012658227848 0.12740426276601 -0.022963045716684 0.708920187793427 0.930769230769231 0.525641025641026 0.215695245896993 0.00717060646607882 1 0.00471698113207547 0 0.00467299971479344 0.00178392667977612 39.3576344981606 3.28455312205925 26.69705132547 0.39958432967781 0.495428665840079 0.145385481119301
"MW-S104" 43 0.544303797468354 0.232494909187388 -0.0178489556002933 0.511737089201878 0.91426282051282 0.461538461538462 0.198318271702616 0.0128339848655727 1 0.00471698113207547 0 0.00467299971479344 0.00316769007196239 23.4943589716963 3.33934193903711 28.2005629084419 0.422087926075794 0.48489375129095 0.161973314295217
"MW-S109" 53 0.670886075949367 0.456105617995221 -0.0102621581510336 0.248826291079812 0.784615384615385 0.333333333333333 0.125018005041505 0.0124242959785183 1 0.00471698113207547 0 0.00467299971479344 0.00405377232934689 25.5306343230989 3.75005221440913 42.5233022711995 0.636461496311897 0.592720943204095 0.112375726311768
"MW-S115" 46 0.582278481012658 1.08653999927521 0.00188130433206972 0.446009389671362 0.875225713253882 0.423076923076923 0.172464574836484 0.0450387179825947 1 0.00471698113207547 0.0183020147993878 0.00467299971479344 0.0185946004305781 10.7631476052519 3.43124489956167 30.9151050045567 0.462717449937233 0.559162632275888 0.158714704220985
"MW-S116" 44 0.556962025316456 0.264765013935196 -0.0167098860469274 0.492957746478873 0.957922419460881 0.448717948717949 0.258356585211979 0.0205707677099562 1 0.00471698113207547 0 0.00467299971479344 0.00432501929441507 19.4770168583584 3.18488611512581 24.1645362739616 0.361679269792394 0.483619015653249 0.172160584169013
"MW-S117" 50 0.632911392405063 0.369731495908987 -0.0126053700818203 0.338028169014085 0.91025641025641 0.371794871794872 0.17802513507353 0.0162148564805641 1 0.00471698113207547 0 0.00467299971479344 0.00490780772792826 21.3980365911591 3.51328277961097 33.5582515028321 0.502278370312959 0.554966078697422 0.138598652887472
"MW-S118" 47 0.594936708860759 0.213595484516511 -0.0167320109677338 0.436619718309859 0.897435897435897 0.41025641025641 0.167358102158039 0.0092253087316418 1 0.00471698113207547 0 0.00467299971479344 0.00333524712335258 27.1824095338615 3.53291282572514 34.2235096894437 0.512235527877632 0.574243649642517 0.111649812893214
"MW-S119" 43 0.544303797468354 0.135083577140519 -0.0201143354153368 0.530516431924883 0.826923076923077 0.461538461538462 0.142235611227855 0.00443523603125261 1 0.00471698113207547 0 0.00467299971479344 0.00248580728340605 33.7093582621367 3.58550369409587 36.0715221565544 0.539895392403651 0.606403718086683 0.0764735420581758
"MW-S120" 22 0.278481012658228 0.137269239046928 -0.039215034588776 0.953051643192488 0.980769230769231 0.730769230769231 0.413204035776539 0.0321554343201251 1 0.00471698113207547 0 0.00467299971479344 0.00126254289667902 17.0058840811324 2.44241906540633 11.5008283752606 0.172137017719395 0.309381514579662 0.30304899117903
"MW-S121" 34 0.430379746835443 0.104418145835566 -0.0263406427695422 0.788732394366197 0.786324786324786 0.576923076923077 0.151245464561817 0.00371073177182348 1 0.00471698113207547 0 0.00467299971479344 0.00150668191834579 40.9300009684591 3.43382803739484 30.9950662128591 0.463914257982818 0.500504957321396 0.100921620509969
"MW-S123" 32 0.40506329113924 0.0999763179107734 -0.0281257400652883 0.830985915492958 0.853846153846154 0.602564102564103 0.186027003557161 0.00502073502053321 1 0.00471698113207547 0 0.00467299971479344 0.00179249938060384 26.5887436992052 3.25568809548042 25.9374558411716 0.388215191988432 0.501883594465734 0.120654479102548
"MW-S124" 32 0.40506329113924 0.208948594993671 -0.0247203564064478 0.826291079812207 0.945054945054945 0.602564102564103 0.245997249300262 0.0152376383792486 1 0.00471698113207547 0 0.00467299971479344 0.00443067616179452 12.5570709476649 3.013844158362 20.3655379946391 0.304818301800697 0.449218893248744 0.180243617448012
"MW-S125" 39 0.493670886075949 0.168121071759028 -0.0213302289292557 0.643192488262911 0.935897435897436 0.512820512820513 0.203099316259207 0.0111496129941381 1 0.00471698113207547 0 0.00467299971479344 0.00285072762988757 24.4649484938747 3.33943625232827 28.2032227217682 0.422127736454555 0.546576482789813 0.138802519010047
"MW-S126" 47 0.594936708860759 0.241546391165416 -0.0161373108262677 0.422535211267606 0.893665158371041 0.41025641025641 0.176748004767308 0.0106232978501184 1 0.00471698113207547 0 0.00467299971479344 0.00424282677552684 22.6246459844536 3.47594109598589 32.3282382003613 0.483868320642281 0.576380231298568 0.110818118630332
"MW-S127" 31 0.392405063291139 0.0701408943005453 -0.0299954550225631 0.854460093896714 0.824786324786325 0.615384615384615 0.164130954182288 0.00288917973550344 1 0.00471698113207547 0 0.00467299971479344 0.00135563738083624 46.6995742213523 3.33892665378526 28.1888540619959 0.421912675577101 0.523674729799279 0.0823067651797499
"MW-S128" 50 0.632911392405063 0.195631943412499 -0.01608736113175 0.370892018779343 0.84775641025641 0.371794871794872 0.134222451279182 0.00618427407269275 1 0.00471698113207547 0 0.00467299971479344 0.00266783734584231 38.3031648739839 3.70087698762322 40.4827917040901 0.605920443773222 0.587593047938625 0.0942396181498916
"MW-S129" 13 0.164556962025316 0.059162799356784 -0.0723720923571705 1 0.981481481481482 0.846153846153846 0.433669812474104 0.0172533833576123 1.00469483568075 0 0 0.00466203023189487 0.000710052859714857 13.3500215286544 2.12916447348805 8.40783890353517 0.125843136432932 0.230735039535863 0.244216541271397
"TZ1" 20 0.253164556962025 0.0768003600475461 -0.0461599819976227 0.967136150234742 0.903846153846154 0.756410256410256 0.242946818818485 0.00583509210189691 1 0.00471698113207547 0 0.00467299971479344 0.000960851039735659 20.3749450244598 2.81782369276902 16.7403787921124 0.250559245537993 0.28592699420104 0.183831322942329
"TZ10" 32 0.40506329113924 0.14531183616357 -0.0267090051198884 0.835680751173709 0.891025641025641 0.602564102564103 0.185070716174229 0.00754332389530888 1 0.00471698113207547 0 0.00467299971479344 0.0015112755463089 30.1436388768198 3.26752369673947 26.2462650929038 0.392837250670021 0.410574991730015 0.167562001371628
"TZ100" 59 0.746835443037975 0.944878066603626 -0.000934270057565652 0.103286384976526 0.92667292057536 0.256410256410256 0.175607647285919 0.0409109943619882 1 0.00471698113207547 0.0685221123049494 0.00467299971479344 0.0119575674880032 16.7441299288884 3.60689279909742 36.8513701254981 0.551567656284857 0.586373117090673 0.142942159824448
"TZ101" 63 0.79746835443038 1.08058612228069 0.00127914479810618 0.0187793427230047 0.960172341319882 0.205128205128205 0.255324434229208 0.0894169631393003 1 0.00471698113207547 0.09018475568388 0.00467299971479344 0.00889677504102632 19.0518665471441 3.38407818028529 29.490794986155 0.441399291725001 0.482427555874075 0.235308446106736
"TZ102" 46 0.582278481012658 0.152995719455258 -0.0184131365335813 0.474178403755869 0.884615384615385 0.423076923076923 0.143751777455851 0.00598605767461516 1 0.00471698113207547 0 0.00467299971479344 0.00184503750807456 58.3607235612411 3.64772443519617 38.3872139922799 0.574555181555571 0.595107980028207 0.0943862593031158
"TZ103" 47 0.594936708860759 0.223005002475116 -0.0165318084579763 0.44131455399061 0.881118881118881 0.41025641025641 0.1514999076835 0.0100664389787909 1 0.00471698113207547 0 0.00467299971479344 0.00307162060359061 30.1957125527372 3.59922495380765 36.569880110804 0.547354494409364 0.603466494199737 0.108885875047381
"TZ104" 18 0.227848101265823 0.04683639378051 -0.0529535336788606 0.985915492957746 0.939102564102564 0.782051282051282 0.248693937049227 0.00405301155704624 1 0.00471698113207547 0 0.00467299971479344 0.000737717144485432 38.1570514771926 2.77385220868048 16.0202285596155 0.239780499061036 0.297758854629673 0.123574855972137
"TZ105" 51 0.645569620253165 0.427256590844083 -0.0112302629246258 0.300469483568075 0.965384615384615 0.358974358974359 0.283251411443339 0.0427977077213299 1 0.00471698113207547 0 0.00467299971479344 0.00662295371920157 19.0111572824162 3.21987327632626 25.024948726955 0.374557371163381 0.538173410793071 0.189843479827988
"TZ106" 45 0.569620253164557 0.305965277729743 -0.0154229938282279 0.47887323943662 0.914694280078895 0.435897435897436 0.215376577179564 0.0179890927541143 1 0.00471698113207547 0 0.00467299971479344 0.00552569718368955 18.1201134787861 3.2714893051174 26.350554149753 0.394398182338683 0.522167991503863 0.158352216636278
"TZ107" 51 0.645569620253165 0.460786834645182 -0.01057280716382 0.295774647887324 0.873767258382643 0.358974358974359 0.172757654498711 0.0196339586675764 1 0.00471698113207547 0 0.00467299971479344 0.00694214554080892 18.1918999289137 3.47561152985819 32.3175856635363 0.483708880308039 0.537437703100585 0.136783782833309
"TZ108" 60 0.759493670886076 0.600511219089549 -0.00665814634850753 0.0892018779342723 0.877712031558185 0.243589743589744 0.144589054723506 0.0217562905572989 1 0.00471698113207547 0 0.00467299971479344 0.00606734959916015 23.7152266196142 3.73610783305508 41.9344562163913 0.627648026493622 0.583037436208655 0.129126900128449
"TZ109" 43 0.544303797468354 0.177083511867478 -0.0191375927472679 0.516431924882629 0.921104536489152 0.461538461538462 0.190382464149071 0.00893098478088685 1 0.00471698113207547 0 0.00467299971479344 0.00251994150572617 31.0391151909595 3.41279650820795 30.3499997178193 0.454259316698265 0.525211439012844 0.136340233644165
"TZ110" 39 0.493670886075949 0.129782336036439 -0.0223132734349631 0.661971830985915 0.83974358974359 0.512820512820513 0.14566412272806 0.0049000441766499 1 0.00471698113207547 0 0.00467299971479344 0.00152059364363232 63.0033871768998 3.54286826354941 34.5659213130485 0.517360525294912 0.52140811096035 0.109677407183166
"TZ111" 42 0.531645569620253 0.171878535828921 -0.019717177718359 0.582159624413146 0.842948717948718 0.474358974358974 0.13079062652004 0.00674802538444765 1 0.00471698113207547 0 0.00467299971479344 0.00136362602863046 93.6435693920624 3.64654133851055 38.3418250616766 0.573875829173586 0.583337379465716 0.106176066598703
"TZ112" 53 0.670886075949367 0.980754250821654 -0.000363127342987652 0.230046948356808 0.866231253023706 0.333333333333333 0.142564354916422 0.0303109667360768 1 0.00471698113207547 0.0137422886985059 0.00467299971479344 0.0138247587207788 13.975388228699 3.64326157988309 38.2162791228656 0.571996738138701 0.606965174129353 0.121404834673426
"TZ114" 48 0.607594936708861 0.486442782028938 -0.0106991087077305 0.417840375586854 0.923789173789174 0.397435897435897 0.2218393967462 0.0352122474601459 1 0.00471698113207547 0 0.00467299971479344 0.00262204142790094 28.5135744545236 3.31587083416674 27.5463718644639 0.412296414399005 0.450617695222945 0.233835094957351
"TZ115" 56 0.708860759493671 0.470245712922339 -0.00945989798352966 0.169014084507042 0.951048951048951 0.294871794871795 0.255864524309345 0.0356281359739178 1 0.00471698113207547 0 0.00467299971479344 0.00486849669763734 24.8308238993375 3.29088171282199 26.8665417900862 0.402121154170702 0.502216912715655 0.19876514576046
"TZ116" 57 0.721518987341772 1.27849639440536 0.00488590165623446 0.140845070422535 0.767399267399267 0.282051282051282 0.119182967978536 0.035034652463855 1 0.00471698113207547 0.0700525394045534 0.00467299971479344 0.0136076870221131 14.8874135713781 3.79255660006899 44.3696909497467 0.664097057012868 0.596079165302017 0.123240125814156
"TZ15" 15 0.189873417721519 0.0460741907888919 -0.0635950539474072 0.995305164319249 0.923076923076923 0.82051282051282 0.259927042767904 0.00387797016978716 1 0.00471698113207547 0 0.00467299971479344 0.000692066871248692 23.473090428106 2.62352175627181 13.7841827363358 0.206312800305418 0.197375193000515 0.154726319032947
"TZ17" 34 0.430379746835443 0.140172986570141 -0.0252890298067606 0.769953051643192 0.889423076923077 0.576923076923077 0.182956334916306 0.00708955136905856 1 0.00471698113207547 0 0.00467299971479344 0.00215495705855489 23.2836798539846 3.29505129172423 26.97879782347 0.40380133043081 0.49908763393066 0.135485388379596
"TZ18" 38 0.481012658227848 0.968329170072683 -0.000833442892824134 0.671361502347418 0.971400394477318 0.525641025641026 0.345306506631859 0.188812652934306 1 0.00471698113207547 0 0.00467299971479344 0.00344023863718201 13.5585764425206 2.7523533248193 15.6794874275636 0.234680504489174 0.397330855797145 0.405469398555174
"TZ19" 29 0.367088607594937 0.0887050070932116 -0.0314239652726479 0.882629107981221 0.824786324786325 0.641025641025641 0.176420460410497 0.00372922810436341 1 0.00471698113207547 0 0.00467299971479344 0.00127452005011514 37.0389084878946 3.2521292671996 25.8453129474107 0.386836056293288 0.483296682730548 0.106097467945229
"TZ2" 38 0.481012658227848 0.295615024655477 -0.0185364467195927 0.694835680751174 0.895833333333333 0.525641025641026 0.179508486744433 0.0178540433384979 1 0.00471698113207547 0 0.00467299971479344 0.00181667373201225 31.9530100486396 3.38808091843638 29.6090754813538 0.443169638262969 0.478703767203404 0.192824560569981
"TZ20" 52 0.658227848101266 0.864463992251294 -0.00260646168747512 0.28169014084507 0.955419580419581 0.346153846153846 0.245942179026488 0.0930305325022376 1 0.00471698113207547 0 0.00467299971479344 0.00372520444641075 23.0462380467225 3.30004286290726 27.1138010720919 0.405821972409104 0.441455738667387 0.275597663977637
"TZ22" 38 0.481012658227848 0.238117318455659 -0.0200495442511669 0.68075117370892 0.961538461538462 0.525641025641026 0.293819612480479 0.0224661407125127 1 0.00471698113207547 0 0.00467299971479344 0.00292094828804272 20.2500982085633 2.9471884200217 19.0523112566495 0.285162766834784 0.410662902460381 0.236681186127821
"TZ23" 33 0.417721518987342 0.169374391014702 -0.0251704729995545 0.812206572769953 0.930966469428008 0.58974358974359 0.214103833933149 0.0125532746048682 1 0.00471698113207547 0 0.00467299971479344 0.00222308492840864 20.2655064030496 3.1725023143342 23.8671327642036 0.357227924936301 0.476422510328593 0.167565070610391
"TZ24" 31 0.392405063291139 0.14607363210013 -0.0275460118677377 0.849765258215962 0.963461538461538 0.615384615384615 0.300311287512888 0.0135401654398844 1 0.00471698113207547 0 0.00467299971479344 0.0022082250038093 19.2726145198487 2.86339990852694 17.5209955675728 0.262243016421709 0.41109276724305 0.202386510484044
"TZ29" 62 0.784810126582278 0.728608293413827 -0.00437728559009956 0.0610328638497653 0.860482654600302 0.217948717948718 0.136939989445127 0.0313956621196459 1 0.00471698113207547 0 0.00467299971479344 0.00408779318679066 30.5426076961045 3.78876558563261 44.2018032442465 0.66158422158975 0.557646294737554 0.162559518180426
"TZ3" 47 0.594936708860759 0.376281056574392 -0.0132706158175661 0.431924882629108 0.950091575091575 0.41025641025641 0.242461559931386 0.0294758223581133 1 0.00471698113207547 0 0.00467299971479344 0.00318364158797444 25.2767016496751 3.27656975407044 26.4847674381946 0.396407000700006 0.49273778465975 0.205137227507969
"TZ31" 32 0.40506329113924 0.366497906900699 -0.0197969404093531 0.821596244131455 0.97656940760389 0.602564102564103 0.477607013721024 0.092742160534757 1 0.00471698113207547 0 0.00467299971479344 0.00483319697013058 11.8709513691201 2.07587809510426 7.97154315972286 0.119312941760601 0.253873989635887 0.43197543235131
"TZ32" 51 0.645569620253165 0.205481482101172 -0.0155787944686045 0.314553990610329 0.876068376068376 0.358974358974359 0.143821618516565 0.00654290612852939 1 0.00471698113207547 0 0.00467299971479344 0.00351249345646275 31.3845226672384 3.66992220606751 39.2488524189611 0.587451632513868 0.636813239835306 0.0776317993958397
"TZ33" 50 0.632911392405063 0.245680453121421 -0.0150863909375716 0.366197183098592 0.877622377622378 0.371794871794872 0.162232549082195 0.00815218204400707 1 0.00471698113207547 0 0.00467299971479344 0.00307710758445964 33.3507202158005 3.58124647495214 35.9182841971126 0.537601824977112 0.55506948018528 0.114075388543775
"TZ34" 54 0.683544303797468 0.31651981860508 -0.0126570403962022 0.225352112676056 0.949230769230769 0.320512820512821 0.21646687297284 0.0280978585349027 1 0.00471698113207547 0 0.00467299971479344 0.00316941644418004 36.4212578471447 3.50797118976693 33.3804763871791 0.49961754648056 0.554153718212457 0.166143218469283
"TZ35" 63 0.79746835443038 0.591177757607083 -0.00648924194274472 0.028169014084507 0.92948717948718 0.205128205128205 0.177847631119479 0.0218388499041968 1 0.00471698113207547 0.0341269465612723 0.00467299971479344 0.00879667566020998 22.3870064032793 3.65950475333032 38.8421016856561 0.581363648596385 0.626761898249289 0.102729330427909
"TZ36" 58 0.734177215189873 0.635837571721072 -0.00627866255653324 0.122065727699531 0.880608974358974 0.269230769230769 0.135273202105702 0.0230284888683734 1 0.00471698113207547 0 0.00467299971479344 0.0073743911064911 20.395659509978 3.75875046796718 42.8947940591221 0.642021746964606 0.640551162681888 0.110039579300208
"TZ37" 64 0.810126582278481 0.911424281119554 -0.00138399560750697 0.0140845070422535 0.889823717948718 0.192307692307692 0.16913357520847 0.036438117640032 1 0.00471698113207547 0.000252441583439832 0.00467299971479344 0.0057566143425827 24.6064879648779 3.63695880486109 37.9761679914636 0.568402908830747 0.46323186839129 0.198387185535222
"TZ38" 61 0.772151898734177 0.487657044194538 -0.00839906484926986 0.0751173708920188 0.789377289377289 0.230769230769231 0.128085644678638 0.012420209849079 1 0.00471698113207547 0 0.00467299971479344 0.00567469888030405 26.1056046434033 3.77911423054843 43.7772480080016 0.655229751299457 0.608186903500893 0.0938876840156818
"TZ39" 53 0.670886075949367 0.686588693812894 -0.00591342087145483 0.234741784037559 0.852343059239611 0.333333333333333 0.147774037265035 0.0278517623282049 1 0.00471698113207547 0 0.00467299971479344 0.00851286063486655 17.0845412906219 3.63037446487224 37.726941386688 0.56467264496778 0.584075206753352 0.133310050057885
"TZ40" 53 0.670886075949367 0.633341934273441 -0.00691807671182186 0.23943661971831 0.961367521367521 0.333333333333333 0.265384319761626 0.0566967520967525 1 0.00471698113207547 0 0.00467299971479344 0.00639631062269872 18.6543448921674 3.27889541431421 26.5464336884699 0.397329981555815 0.510060586578558 0.221336637680741
"TZ41" 63 0.79746835443038 0.888179340941833 -0.00177493109616138 0.0234741784037559 0.962703962703963 0.205128205128205 0.269714749327627 0.0874107553700366 1 0.00471698113207547 0.0159984853504994 0.00467299971479344 0.00772463813141292 21.3473185572727 3.35588060518879 28.6708407684927 0.429126743253759 0.518924417546783 0.234623617971932
"TZ42" 62 0.784810126582278 0.503769888825907 -0.00800371147054989 0.0657276995305164 0.835164835164835 0.217948717948718 0.131194921161537 0.0132946017042792 1 0.00471698113207547 0 0.00467299971479344 0.00436532421275434 31.4977614073639 3.79773179662923 44.5999080171981 0.667542798321767 0.557681890775576 0.119028638754663
"TZ43" 65 0.822784810126582 0.874517997338957 -0.00193049234863144 0.00938967136150235 0.957122507122507 0.179487179487179 0.237409480830569 0.0545540955961875 1 0.00471698113207547 0.0362727000205109 0.00467299971479344 0.00837903251633841 22.2459336377168 3.51944005791881 33.7655164359779 0.505380578806591 0.561677238641434 0.181449848460809
"TZ44" 55 0.69620253164557 0.592147390831215 -0.007415501984887 0.192488262910798 0.784188034188034 0.307692307692308 0.12875912473679 0.0182185091726519 1 0.00471698113207547 0 0.00467299971479344 0.00695633552644336 19.1002901603059 3.72720184849498 41.5626467191636 0.622083020571944 0.603624423221251 0.112867830808096
"TZ45" 53 0.670886075949367 0.475481460291321 -0.00989657622091847 0.258215962441315 0.802564102564103 0.333333333333333 0.136051623979643 0.0155016464865315 1 0.00471698113207547 0 0.00467299971479344 0.00368864799835061 27.160835731345 3.67835542809499 39.5812463115181 0.592426690962351 0.504218623223054 0.146284100053838
"TZ46" 63 0.79746835443038 0.534103483765167 -0.00739518279737831 0.0328638497652582 0.830634278002699 0.205128205128205 0.127996770649706 0.0147194155773089 1 0.00471698113207547 0.00227197425095849 0.00467299971479344 0.00622028011818204 25.8431411893215 3.81957113864357 45.5846546314199 0.682281853618519 0.611166736848672 0.0962502914508856
"TZ47" 57 0.721518987341772 0.393240608669542 -0.0106449016022887 0.15962441314554 0.788461538461538 0.282051282051282 0.115441726664858 0.00989147657513601 1 0.00471698113207547 0 0.00467299971479344 0.00322368968671915 35.8351220785756 3.83295640154349 46.1989190923028 0.691475769825011 0.591895315184044 0.104004316640949
"TZ48" 62 0.784810126582278 0.580052631998449 -0.0067733446451863 0.0469483568075117 0.843101343101343 0.217948717948718 0.135825034216435 0.0174347132934766 1 0.00471698113207547 0.004512393303987 0.00467299971479344 0.00614735403812298 24.7651195228377 3.75755093485774 42.8433711813138 0.641252082333534 0.60121254982165 0.11028871539529
"TZ49" 68 0.860759493670886 0.489369242357266 -0.00750927584768726 0 0.899665551839465 0.141025641025641 0.139990756186106 0.0130554183283491 1 0.00471698113207547 0.000883545542039412 0.00467299971479344 0.00470540741788458 35.8602547850431 3.84601285650093 46.806068180791 0.70056318770425 0.602549277793745 0.0992178022740234
"TZ51" 54 0.683544303797468 1.2166686324227 0.00401238208190192 0.206572769953052 0.916050295857988 0.320512820512821 0.177571763369968 0.0556972073987326 1 0.00471698113207547 0.207633202379262 0.00467299971479344 0.0181911574285508 13.1524865310444 3.50099946589567 33.1485662691001 0.496146464676493 0.57700277241272 0.15611884240642
"TZ52" 55 0.69620253164557 0.882766239979208 -0.00213152290946894 0.187793427230047 0.959620432061377 0.307692307692308 0.269549062282783 0.0725014015178593 1 0.00471698113207547 0.0840946024833941 0.00467299971479344 0.0133449759267675 15.4582657008221 3.19214234372887 24.340517380664 0.364313242050243 0.500824250142339 0.227398975614511
"TZ54" 48 0.607594936708861 1.11827965524001 0.0024641594841668 0.384976525821596 0.773076923076923 0.397435897435897 0.13503878614658 0.0330081878485696 1 0.00471698113207547 0.0110443192754927 0.00467299971479344 0.0176832591877878 11.4412133841018 3.63812891993629 38.0206304861735 0.569068394914879 0.623163914889869 0.112851462446333
"TZ55" 33 0.417721518987342 2.25088331050342 0.03790555486374 0.807511737089202 0.957077991452992 0.58974358974359 0.291089508353851 0.178254225287208 1 0.00471698113207547 0.0879127814329215 0.00467299971479344 0.0498101733004883 5.56530629744859 2.84333852391566 17.1730024199152 0.257034478334711 0.468099156760011 0.312873462328645
"TZ57" 50 0.632911392405063 0.906837711538405 -0.00186324576923191 0.333333333333333 0.952157598499062 0.371794871794872 0.267529860510079 0.0953783350703946 1 0.00471698113207547 9.4665593789937e-05 0.00467299971479344 0.00807438083649477 15.2744602058518 3.12569171358632 22.775643868379 0.340891219677292 0.434286007830479 0.281205071311545
"TZ58" 38 0.481012658227848 0.16150322401008 -0.0220657046313137 0.685446009389671 0.880769230769231 0.525641025641026 0.174431971164463 0.00728329722316653 1 0.00471698113207547 0 0.00467299971479344 0.00298376791292565 21.7601196723018 3.36774439703625 29.0130113624597 0.434248133094115 0.516731026669616 0.121747473205203
"TZ59" 51 0.645569620253165 1.09493439665607 0.00186145875796224 0.291079812206573 0.843137254901961 0.358974358974359 0.148074435602925 0.0346780716037922 1 0.00471698113207547 0.0164402581215191 0.00467299971479344 0.0156460389249355 12.8013780920283 3.61497786514697 37.1505235951655 0.556045193417724 0.605177456500153 0.12502654512626
"TZ60" 34 0.430379746835443 1.5649790666535 0.0166170313721617 0.765258215962441 0.873269798048559 0.576923076923077 0.179485806672704 0.0649605114581693 1 0.00471698113207547 0.000378662375159748 0.00467299971479344 0.030420064845936 6.4733208669596 3.28556049461973 26.7239587530477 0.399987062784208 0.565127721739951 0.185594852346381
"TZ61" 55 0.69620253164557 0.277343704902833 -0.013139205365403 0.2018779342723 0.828205128205128 0.307692307692308 0.121757769752461 0.00773520101782376 1 0.00471698113207547 0 0.00467299971479344 0.00347599673682078 32.5084170511183 3.78363631140405 43.9756605437801 0.658199462790893 0.626103742000551 0.0847497992491336
"TZ62" 54 0.683544303797468 0.382322036191801 -0.0114384808112629 0.215962441314554 0.852564102564103 0.320512820512821 0.147193836966857 0.0119923840187156 1 0.00471698113207547 0 0.00467299971479344 0.00476136146283828 24.2947644600125 3.65400694893429 38.629141351796 0.578176195000255 0.549727693819305 0.117736168884472
"TZ63" 59 0.746835443037975 0.313347727661202 -0.0116381741074373 0.117370892018779 0.880670611439842 0.256410256410256 0.136165520819683 0.00959551069255255 1 0.00471698113207547 0 0.00467299971479344 0.00316531717585143 40.2764486144366 3.78236542770981 43.9198080923541 0.657363499144878 0.592546671033547 0.106318946750943
"TZ64" 60 0.759493670886076 0.430682346184329 -0.00948862756359452 0.0985915492957746 0.934188034188034 0.243589743589744 0.214181642802588 0.0224251949209623 1 0.00471698113207547 0 0.00467299971479344 0.00419088556475504 30.9665423170274 3.49173292052146 32.8428124045983 0.491570137069976 0.512032399675332 0.170157136352102
"TZ65" 54 0.683544303797468 0.563606477622112 -0.00808136152551643 0.211267605633803 0.834935897435897 0.320512820512821 0.146485659656758 0.0192338992241076 1 0.00471698113207547 0 0.00467299971479344 0.00482740130220839 22.7183220921411 3.63700024902742 37.9777419147013 0.568426466303601 0.507117045459814 0.151565162806722
"TZ66" 25 0.316455696202532 0.0706361884089547 -0.0371745524636418 0.929577464788732 0.88034188034188 0.692307692307692 0.191608697906637 0.00417680340237095 1 0.00471698113207547 0 0.00467299971479344 0.000932625280736419 60.1201951423537 3.13191422209004 22.9178073540676 0.343019031488454 0.368806438029289 0.11967633565808
"TZ67" 28 0.354430379746835 0.0914586475576764 -0.0324479054443687 0.892018779342723 0.947293447293447 0.653846153846154 0.236864709694086 0.00722564309023865 1 0.00471698113207547 0 0.00467299971479344 0.00133615170110915 30.3536544118452 3.06325641304304 21.3971217013089 0.320258384636473 0.431328433476613 0.154716309226192
"TZ68" 40 0.506329113924051 0.173438830863069 -0.0206640292284233 0.629107981220657 0.830128205128205 0.5 0.134316990928677 0.00702535328346152 1 0.00471698113207547 0 0.00467299971479344 0.00145798000043061 59.6154517683139 3.59609430916924 36.4555718343648 0.545643601492362 0.540197872212933 0.117531141121387
"TZ69" 53 0.670886075949367 0.319309113127219 -0.0128432242806185 0.267605633802817 0.857371794871795 0.333333333333333 0.128709924013114 0.014355332500556 1 0.00471698113207547 0 0.00467299971479344 0.00226979447938187 47.8500465811467 3.76538389147768 43.1802792196671 0.646294705619052 0.588507226334797 0.120646085869861
"TZ70" 48 0.607594936708861 0.285373369001444 -0.0148880548124699 0.413145539906103 0.895173453996983 0.397435897435897 0.176196111978757 0.0111909015857983 1 0.00471698113207547 0 0.00467299971479344 0.00434953211886281 23.6898211608206 3.49381451737606 32.9112491036933 0.492594453658345 0.591879642059776 0.116149880420075
"TZ71" 32 0.40506329113924 0.133074857876753 -0.0270914106913515 0.84037558685446 0.878205128205128 0.602564102564103 0.165441159844754 0.00593155435384331 1 0.00471698113207547 0 0.00467299971479344 0.00117290199343256 61.3879960185024 3.3621342345671 28.8506993790118 0.431818751500095 0.420314459943899 0.142536326165466
"TZ72" 62 0.784810126582278 0.502150249820272 -0.00802983468031819 0.0563380281690141 0.834134615384615 0.217948717948718 0.129035825739356 0.0134222924575485 1 0.00471698113207547 0 0.00467299971479344 0.0053385866884102 28.453630317758 3.79087982318854 44.2953552174052 0.662984447480951 0.611325340487632 0.0982416485837306
"TZ73" 56 0.708860759493671 0.715496218263389 -0.00508042467386805 0.164319248826291 0.907342657342657 0.294871794871795 0.17131298346567 0.03539284101746 1 0.00471698113207547 0.00233508464681845 0.00467299971479344 0.00787477760986403 18.5296027203715 3.56207464438698 35.2362240008771 0.527393185716167 0.574354926557052 0.149009381048319
"TZ74" 40 0.506329113924051 0.276470024314198 -0.0180882493921451 0.615023474178404 0.897435897435897 0.5 0.188765251978595 0.0184193123300344 1 0.00471698113207547 0 0.00467299971479344 0.00185250131239726 37.0574227948168 3.38843013732593 29.6194173354946 0.443324428498193 0.450985017441528 0.196756448035755
"TZ75" 59 0.746835443037975 0.652586323334931 -0.00588836740110287 0.112676056338028 0.873717948717949 0.256410256410256 0.128770349135117 0.0289334383873738 1 0.00471698113207547 0 0.00467299971479344 0.00449348058400433 26.6689298832128 3.80295808391316 44.8336101145365 0.671040701321271 0.615191525722298 0.135213110192992
"TZ76" 58 0.734177215189873 0.347018273851723 -0.0112583056232461 0.136150234741784 0.855769230769231 0.269230769230769 0.137856545610618 0.0101552395835703 1 0.00471698113207547 0 0.00467299971479344 0.00359496326016067 35.3544895681575 3.76626916446799 43.2185224799393 0.646867106193716 0.595250190096157 0.0990894042428686
"TZ77" 41 0.518987341772152 0.168240677264151 -0.0202868127496549 0.60093896713615 0.908653846153846 0.487179487179487 0.170676983453917 0.00851338448065677 1 0.00471698113207547 0 0.00467299971479344 0.00161411631582712 47.6563465588742 3.48519432889216 32.6287672059912 0.488366445914595 0.497571702615449 0.144933521717002
"TZ78" 40 0.506329113924051 0.112929202284847 -0.0221767699428788 0.619718309859155 0.908653846153846 0.5 0.172075780817064 0.00463126882899169 1 0.00471698113207547 0 0.00467299971479344 0.00195896801340402 44.2745588202656 3.45970400634341 31.8075602850884 0.476075147785251 0.555601063887219 0.100902528050465
"TZ79" 38 0.481012658227848 0.164596087724298 -0.0219843134809395 0.704225352112676 0.801282051282051 0.525641025641026 0.156145261097354 0.00637147613015571 1 0.00471698113207547 0 0.00467299971479344 0.0017385194329743 37.3120556755083 3.46479555275348 31.9699229422177 0.478505287830411 0.452346418378328 0.146495918837438
"TZ80" 42 0.531645569620253 0.203422903127074 -0.0189661213541173 0.568075117370892 0.93040293040293 0.474358974358974 0.201112763840779 0.0137249442176465 1 0.00471698113207547 0 0.00467299971479344 0.00233455730206966 30.6523971420142 3.37084865354981 29.1032151273352 0.435598245152664 0.510383297722464 0.161007314272124
"TZ81" 59 0.746835443037975 0.71092988776348 -0.00489949342773763 0.107981220657277 0.938792390405293 0.256410256410256 0.19861232225353 0.0356073575586915 1 0.00471698113207547 0.00531705085120146 0.00467299971479344 0.00812919919513023 20.1089748344491 3.53607166708399 34.3317872530835 0.513856156956053 0.575590463297948 0.155494755784285
"TZ82" 37 0.468354430379747 0.316624548870824 -0.018469606787275 0.723004694835681 0.888176638176638 0.538461538461538 0.200317905372878 0.0160475587505164 1 0.00471698113207547 0 0.00467299971479344 0.00443496700080269 14.3374371288244 3.21875766741604 24.997046238204 0.374139744619984 0.438804767029162 0.178292699475761
"TZ83" 42 0.531645569620253 0.159136496579246 -0.020020559605256 0.577464788732394 0.807692307692308 0.474358974358974 0.131706128965403 0.00525356429004978 1 0.00471698113207547 0 0.00467299971479344 0.00175163140796362 53.1237211676069 3.62798053834693 37.6367338791368 0.563322476891265 0.545672402096103 0.105242473844512
"TZ84" 53 0.670886075949367 0.686567304121821 -0.00591382445053168 0.244131455399061 0.878698224852071 0.333333333333333 0.159720735457572 0.0277789389217891 1 0.00471698113207547 0 0.00467299971479344 0.0058931088211406 19.6469260327202 3.57367112416795 35.6472185995252 0.533544689086327 0.517083813827782 0.167352231348427
"TZ85" 51 0.645569620253165 0.222752625469481 -0.0152401445986376 0.328638497652582 0.897435897435897 0.358974358974359 0.1558140047492 0.00968835297848573 1 0.00471698113207547 0 0.00467299971479344 0.00253024869533501 42.2644944281623 3.65213905272119 38.5570534722483 0.57709722988625 0.593560411110591 0.115897205611476
"TZ86" 58 0.734177215189873 0.765337873103672 -0.00404589873959186 0.126760563380282 0.880608974358974 0.269230769230769 0.148262682057603 0.0269271357740021 1 0.00471698113207547 0 0.00467299971479344 0.00688286768821274 20.395659509978 3.68953324254613 40.0261600879375 0.599085874815565 0.572003618272275 0.145379565989884
"TZ87" 63 0.79746835443038 0.415987059813894 -0.00927004666962073 0.0375586854460094 0.733618233618234 0.205128205128205 0.113395581332989 0.00890015494773454 1 0.00471698113207547 0 0.00467299971479344 0.00477556143415193 32.1492253296755 3.86452955054885 47.6808357324352 0.713656146978526 0.64247257411363 0.0744999343336066
"TZ88" 43 0.544303797468354 0.168695209771536 -0.0193326695401968 0.52112676056338 0.904428904428904 0.461538461538462 0.176994838473961 0.00858400868169644 1 0.00471698113207547 0 0.00467299971479344 0.00268895269800194 31.0391151909595 3.45790301276686 31.7503266275241 0.475218511132235 0.563073247374212 0.122809743463941
"TZ89" 38 0.481012658227848 0.139464718154775 -0.0226456653117165 0.690140845070423 0.965811965811966 0.525641025641026 0.290480334340493 0.0126509920823239 1 0.00471698113207547 0 0.00467299971479344 0.00225539736725915 29.7313117018247 3.08252088516934 21.8133220240601 0.326487803943899 0.499632379972061 0.167613051623115
"TZ9" 39 0.493670886075949 0.511843077754787 -0.0125168441601337 0.633802816901408 0.986184792219275 0.512820512820513 0.516356999001537 0.100214977447206 1 0.00471698113207547 0.000252441583439832 0.00467299971479344 0.00662640911716693 13.177946937693 2.11524097597402 8.29158359782846 0.124103101631486 0.25483920943417 0.41863381589847
"TZ90" 50 0.632911392405063 0.727806134754747 -0.00544387730490506 0.356807511737089 0.934472934472934 0.371794871794872 0.207411359646431 0.0739693093581239 1 0.00471698113207547 0 0.00467299971479344 0.00326237578458746 24.3979762130572 3.39155074347115 29.7119922410332 0.444710030268353 0.450120869009186 0.240734406667631
"TZ91" 57 0.721518987341772 0.518585115395991 -0.00844587516849138 0.150234741784038 0.883629191321499 0.282051282051282 0.149810484925818 0.0150610574682839 1 0.00471698113207547 3.1555197929979e-05 0.00467299971479344 0.00633389867891159 22.4459577826354 3.65742227206039 38.761297901796 0.58015422942063 0.597556737597518 0.110883457256591
"TZ92" 27 0.341772151898734 0.0741363827046349 -0.0342912450850135 0.906103286384977 0.964497041420118 0.666666666666667 0.292346584894987 0.00737690749675306 1 0.00471698113207547 0 0.00467299971479344 0.00153848781080899 24.6952648758829 2.8894360580477 17.9831652800784 0.269160476051146 0.448146478916275 0.153660283863639
"TZ93" 22 0.278481012658228 0.112039828922553 -0.0403618259580658 0.957746478873239 0.945054945054945 0.730769230769231 0.248800760968642 0.0109679205953459 1 0.00471698113207547 0 0.00467299971479344 0.00110645230530428 22.8440719824362 2.87728232937408 17.7659255788539 0.265908971630867 0.327038660800884 0.202697833698982
"TZ94" 46 0.582278481012658 0.191060451373084 -0.0175856423614547 0.469483568075117 0.94947209653092 0.423076923076923 0.22178572165891 0.014908860833531 1 0.00471698113207547 0 0.00467299971479344 0.00230763117274369 41.6732258160839 3.41369505365551 30.3772828276203 0.454667672775065 0.530628875327795 0.160030057235046
"TZ95" 56 0.708860759493671 0.295850348565444 -0.0125741009184742 0.183098591549296 0.877289377289377 0.294871794871795 0.168596365636438 0.011579575731425 1 0.00471698113207547 0 0.00467299971479344 0.00367450962863584 32.8130772706754 3.5961920119688 36.4591338197976 0.545696915004185 0.560438403593319 0.124536856289324
"TZ96" 57 0.721518987341772 0.293380080556095 -0.0123968406919983 0.154929577464789 0.864891518737673 0.282051282051282 0.132699347432897 0.00800966375392531 1 0.00471698113207547 0 0.00467299971479344 0.00373772441191347 33.5312382526064 3.76695118352592 43.2480083897595 0.647308432367413 0.626489184173178 0.0829733756000678
"TZ97" 62 0.784810126582278 0.626434966807461 -0.0060252424708474 0.0516431924882629 0.852564102564103 0.217948717948718 0.129624309211126 0.0205247194496848 1 0.00471698113207547 0.000252441583439832 0.00467299971479344 0.00523640902372879 26.399995735425 3.79683989985559 44.5601472370246 0.666947684483186 0.577034763486642 0.12700602148652
"TZ98" 57 0.721518987341772 0.571449318315155 -0.00751843301201483 0.145539906103286 0.887939221272555 0.282051282051282 0.156068214793682 0.020519704638167 1 0.00471698113207547 0.00343951657436771 0.00467299971479344 0.00585429543643117 22.3974074151922 3.62027886408778 37.3479813807605 0.559000614821186 0.536837725149477 0.134405790272062
"TZ99" 66 0.835443037974684 0.757248842459822 -0.00367804784151785 0.00469483568075117 0.81002331002331 0.166666666666667 0.100804965685944 0.0171898283689823 1 0.00471698113207547 0.0133478487243811 0.00467299971479344 0.00726389656779465 24.1219446803729 3.96555286649334 52.7494247188724 0.789519533832249 0.653546530669536 0.0844789535212714
"ZW-S013" 46 0.582278481012658 0.207986206159921 -0.0172176911704365 0.460093896713615 0.946666666666667 0.423076923076923 0.2229029986773 0.0130141594604081 1 0.00471698113207547 0 0.00467299971479344 0.00361627051917536 25.5635305754946 3.35877378349969 28.7539107333253 0.430370081171842 0.562254158963874 0.13525694098925
"ZW-S014" 51 0.645569620253165 0.246882935505192 -0.0147670012646041 0.31924882629108 0.898351648351648 0.358974358974359 0.156783044609177 0.00875981693011937 1 0.00471698113207547 0 0.00467299971479344 0.00308180431873025 32.1307415341683 3.62520443578169 37.5323953399203 0.561760804602288 0.569242689374444 0.111902931723815
"ZW-S015" 53 0.670886075949367 0.422896631701581 -0.0108887427980834 0.262910798122066 0.96711259754738 0.333333333333333 0.285829242170245 0.0578041437520104 1 0.00471698113207547 0 0.00467299971479344 0.00362591961321033 27.160835731345 3.29697192170057 27.0306639031253 0.404577628622674 0.549216129764816 0.215236592355505
"ZW-S016" 60 0.759493670886076 0.590566711369936 -0.00682388814383439 0.0938967136150235 0.91025641025641 0.243589743589744 0.165871732496885 0.0247034133984446 1 0.00471698113207547 0 0.00467299971479344 0.00482975403449269 27.5188432108955 3.65337355462012 38.6046816204478 0.577810097440053 0.571185348076753 0.150584687137094
"ZW-S017" 61 0.772151898734177 0.42305834257272 -0.00945805995782426 0.07981220657277 0.903846153846154 0.230769230769231 0.144843896071611 0.0147232573239256 1 0.00471698113207547 0 0.00467299971479344 0.00433434916450818 31.4915344706662 3.7807063258388 43.8470010704078 0.656273770369008 0.606984898483793 0.108962328619669
"ZW-S018" 39 0.493670886075949 0.157606074148818 -0.0215998442525944 0.652582159624413 0.879120879120879 0.512820512820513 0.162854378996594 0.00670116482080382 1 0.00471698113207547 0 0.00467299971479344 0.00194810956766359 34.0432773753557 3.46309401399032 31.9155711330447 0.477691784834504 0.485268829127006 0.135421256939741
"ZW-S019" 56 0.708860759493671 0.543585987475671 -0.00815025022364873 0.173708920187793 0.791375291375291 0.294871794871795 0.125012961896321 0.0154670534749159 1 0.00471698113207547 0 0.00467299971479344 0.0041048413027032 26.7774662853767 3.76817938306924 43.3011582065225 0.648103944712383 0.55338634332052 0.132100155429073
"ZW-S020" 38 0.481012658227848 0.148418498226875 -0.0224100395203454 0.713615023474178 0.916666666666667 0.525641025641026 0.185592145427667 0.0074626453495773 1 0.00471698113207547 0 0.00467299971479344 0.0016062134113823 44.5373814085447 3.38826538694582 29.614537927183 0.443251396646261 0.494366724371871 0.143894171145718
"ZW-S021" 61 0.772151898734177 0.574783532753296 -0.00697076175814269 0.0704225352112676 0.82051282051282 0.230769230769231 0.12295080138553 0.0133869792717747 1 0.00471698113207547 0.0156513781732696 0.00467299971479344 0.0079093012877841 22.5388101934684 3.80500421836031 44.9254396243049 0.672415146485948 0.655918719583156 0.0808408605629612
"ZW-S023" 62 0.784810126582278 0.747628434459928 -0.00407050912161406 0.0422535211267606 0.78926282051282 0.217948717948718 0.121666317443034 0.0221722329653112 1 0.00471698113207547 0.0017986462820088 0.00467299971479344 0.00606580360759249 24.7137348158478 3.8231351812434 45.7474101439327 0.684717873670918 0.57572403597008 0.121713919261497
"ZW-S024" 60 0.759493670886076 0.512532521846826 -0.00812445796921957 0.0845070422535211 0.759157509157509 0.243589743589744 0.117714174747255 0.0129020658674597 1 0.00471698113207547 0 0.00467299971479344 0.00647593414361652 23.5685904254032 3.83616990883774 46.3476184510655 0.693701406389525 0.646404139235018 0.0787807793104362
